4291341288
4288233175
4286356039
4284782145
4278647119
4265130827
4265110724
4264883000
4252755588
4252198886
4241418584
4237899270
4236604736
4234059968
4232214450
4231511206
4230997219
4230970392
4217561640
4211558253
4209997194
4209849661
4209623180
4207871367
4206158800
4205074435
4198379252
4196215119
4195745272
4190187180
4184546014
4180984820
4180910118
4177526459
4177332649
4164904666
4149393185
4139289338
4138131618
4128966348
4126223295
4121659122
4121268944
4114169407
4111226506
4102491511
4092496509
4087108653
4083175630
4079325804
4078562414
4077972024
4059677509
4057112395
4054800480
4047381498
4042574596
4042477664
4037558708
4016108137
4009716335
4005455558
4005011297
3995794554
3989353696
3981015947
3979122076
3978431099
3971030774
3970241453
3966944770
3962672338
3962072405
3961048885
3959147329
3956601735
3955403603
3954964562
3950809003
3945557814
3937558774
3924370065
3907676454
3906738152
3895774350
3894039528
3893754914
3889339265
3883660204
3877010281
3868754750
3867516749
3866681996
3866033412
3863082052
3848818219
3845046492
3844817011
3844366947
3842135827
3837037996
3825127307
3822213050
3820205681
3814505413
3811968692
3808723663
3795564080
3795213493
3792081647
3786599213
3782416886
3777740400
3773674178
3769700117
3762654232
3761965063
3761185852
3760398374
3753693042
3753275217
3742060372
3741365295
3740019257
3733016807
3730519651
3728917606
3726188910
3725497683
3719336578
3718855806
3718307374
3711355458
3701358838
3700168512
3696210672
3692536666
3689291977
3688338195
3683355266
3682980212
3673975369
3672666183
3671016336
3670780758
3668562630
3664319532
3660624287
3658374302
3658122534
3656660824
3655919900
3653476047
3647609023
3645122379
3643686216
3643033252
3629346371
3621549308
3615272933
3611599325
3609136162
3606269226
3604506809
3600989662
3593777004
3589732456
3589612848
3585027730
3578586614
3578460142
3566751183
3560002213
3555839960
3555338275
3553633654
3552517955
3551910467
3545479604
3543116587
3542130159
3541079614
3532062322
3529385661
3529114926
3527774915
3526218275
3514936998
3512951166
3511039596
3510667698
3510083341
3503777526
3489781299
3489264040
3487874085
3487136613
3483893077
3483786132
3468120066
3467484513
3463064216
3458468141
3456213317
3449071708
3447390025
3446660145
3439474667
3439390914
3433345746
3431002341
3427122994
3425140405
3423584626
3422700251
3422524285
3417097326
3415468231
3411571936
3399954918
3399691845
3396159187
3391200688
3389327903
3389229504
3388468313
3384597019
3381633348
3380621798
3378546223
3374663631
3368968179
3363394175
3345191327
3344968173
3340980467
3340280719
3339117107
3327580466
3326435833
3322557120
3320175504
3318589595
3314627915
3313511205
3304727621
3302686810
3299105810
3290077750
3279368690
3278506415
3271019419
3263659416
3254519165
3254304230
3250022018
3236040971
3230570725
3230080394
3213646938
3211707823
3201641122
3194706545
3190377787
3189650623
3182266723
3181641142
3180673134
3174004882
3172867392
3169728301
3161502169
3160916782
3160209890
3158616368
3146406324
3143766160
3135919036
3133911132
3131053012
3127402391
3119955058
3116775697
3115730887
3115261347
3107914088
3107470958
3098156067
3097670926
3093027835
3092450055
3088443758
3081796470
3059365755
3054293479
3051118148
3050273009
3044696338
3039277256
3037298254
3026263989
3024607045
3020037215
3015593512
3003466320
2997635664
2991012064
2986891717
2980274563
2978443288
2977181909
2972713016
2972447571
2965602505
2963436313
2961551646
2961371297
2959118430
2954108250
2949154807
2938872654
2932008842
2918987933
2911111953
2904767684
2904211967
2890898333
2888237628
2883566301
2882121246
2880037321
2876607471
2872078904
2860106982
2857597335
2847223164
2845137794
2837686642
2832651956
2822640208
2822374275
2819847169
2808103623
2804016243
2796304530
2794086628
2792954558
2791356459
2789191512
2787640860
2787177669
2786522746
2780635105
2780615920
2775441114
2773909176
2772688470
2765357966
2764403409
2761645674
2753005989
2751698892
2747320410
2745379420
2743098888
2737561401
2737229861
2735957875
2732642785
2724295864
2723888589
2720327602
2715767173
2715711169
2704826810
2704005825
2697290960
2692883031
2692253080
2686404553
2685857820
2676483265
2672593528
2669554951
2666549516
2652552286
2649984918
2645340823
2644670950
2643006979
2635627209
2633343066
2631570443
2630112357
2627385820
2621785214
2620879913
2620180511
2617100832
2616575665
2608620442
2607679943
2604171540
2602872040
2600784606
2598884582
2598586749
2588705236
2588454049
2577405955
2572574853
2570009839
2568411807
2566944953
2562554780
2557659083
2538117721
2537948939
2536171192
2533272857
2530282509
2528790932
2523648914
2518507225
2516325298
2515630414
2512592215
2510032264
2509934216
2501142714
2500127512
2497396585
2497217217
2492594656
2485194246
2481154176
2473261798
2458666055
2443384331
2442149313
2440070442
2439208341
2438166316
2436751814
2431901246
2430257160
2428363884
2424662220
2420115705
2420043535
2413493501
2407505545
2402220076
2401957851
2397038281
2389280567
2388181291
2384530156
2383232486
2373590173
2366027014
2352343494
2344096492
2343530061
2339672002
2339394925
2336708441
2335723719
2333363087
2329712006
2320187244
2316440901
2314267890
2312431158
2309939309
2307958439
2301651264
2293317384
2291902633
2280606019
2274923903
2273223261
2272978774
2258894995
2258593668
2256449197
2253105604
2246160899
2236835966
2231253080
2226980624
2207764863
2204056316
2202096223
2201742382
2200867562
2200480062
2199940069
2199202851
2195326687
2192475594
2188333670
2186206319
2184801172
2176687892
2170853248
2170829148
2168988196
2166634510
2165942717
2165077352
2162222753
2156789920
2144897669
2140155704
2139995216
2139260329
2139036077
2137182509
2135941857
2131800883
2129353955
2127256756
2112246173
2111948962
2108775800
2106354639
2106342911
2103044552
2101563824
2087618552
2077895500
2076172108
2070280777
2065146262
2064476621
2064369621
2047758697
2047701504
2036627379
2026758884
2025975387
2022928916
2010793259
2009992847
1999950057
1990372862
1987622589
1987556340
1977810843
1976414524
1972500779
1965719108
1947213384
1946635796
1933864854
1930848134
1925856464
1924856848
1921429556
1914247751
1913366828
1913354592
1911637962
1911553823
1906219897
1906204568
1899211719
1893632116
1891609303
1886358701
1884767335
1884166774
1882468329
1879651160
1872125494
1870597085
1864712356
1846253696
1846237417
1838827182
1832762386
1829232727
1827857046
1827064729
1826741932
1821545825
1814112639
1811767546
1805974250
1801301397
1790788195
1783143801
1761253613
1760776870
1756431348
1754765131
1745853489
1744877444
1742343354
1733599351
1733229736
1731048956
1726596466
1723648712
1722125556
1720261719
1718170472
1717440442
1703854467
1702669555
1686260298
1680910962
1667246083
1664922661
1661745539
1654556310
1644143032
1641722883
1636243459
1635646780
1627921390
1627096862
1625516929
1621807110
1616604096
1615633957
1615047436
1613559031
1610709098
1609307900
1605899478
1602507849
1601873678
1598718645
1596920800
1596004711
1593321870
1588609921
1587845204
1585321016
1583414008
1582080835
1581593369
1570453161
1570292120
1568261134
1567923996
1566200194
1561112314
1551685976
1549963156
1546907066
1543856723
1543710564
1539247562
1536147518
1530126560
1526809507
1525221414
1519443632
1518153428
1513718331
1511452023
1510492272
1510371030
1508090823
1506465151
1499267696
1497626542
1490982892
1489932655
1483314224
1477721454
1476865530
1468560710
1462349700
1458983738
1444761012
1432329624
1430432494
1429742302
1429402270
1428093963
1412121545
1406119214
1401578749
1388716882
1385688030
1385642630
1383293679
1372290487
1363252641
1362438210
1359598543
1350698380
1335424534
1332176033
1322347780
1315804509
1315255812
1314262263
1300929141
1300842700
1300211328
1299039298
1294587030
1294061120
1274602954
1267454080
1264225709
1261786801
1259387766
1256554459
1252988388
1251523689
1235871705
1230241293
1225247800
1222891233
1215597649
1210505765
1203387173
1183903947
1178407470
1175002285
1173251653
1168893383
1168826198
1157679253
1155045860
1154285608
1152026117
1144536235
1143593266
1133929355
1133197837
1130971629
1126449988
1123788213
1113957282
1107340762
1105301346
1103005008
1100214364
1098983843
1098186679
1097813323
1093973327
1090878551
1086486644
1084979708
1078713208
1075592572
1068953524
1061808516
1060742664
1058063645
1054796732
1050996310
1050567273
1050535265
1050417779
1047491738
1045619087
1040251989
1038433593
1034803912
1023817025
1006831010
1006127880
1005047512
1003699692
989277744
986768219
983967993
975631894
966296741
956231486
946440509
943113125
942521310
936096445
934607241
933675090
929888854
916948387
916187352
910463039
910056967
904943807
902837527
901921793
895997177
895651897
886942861
882631782
882509710
876840825
867977325
862565255
860266359
857090239
854309787
850345856
841784580
832948070
830463411
829867125
815157331
815004099
804141279
802314167
800396426
798789269
797153244
796648200
783233085
778514070
777675726
774782115
773267976
765013082
764995498
763410682
761082113
759344686
756474457
754515791
753201803
752605426
740524713
740035723
732350945
728222596
723401450
719909357
717134103
713728056
710784597
706702729
698497293
695633428
695061486
683284316
682468549
679304387
674541058
674272708
671038661
668817726
667742374
661017656
657646728
657445142
653157529
652795299
652356505
646816018
641927952
641337769
636652392
633767608
628197021
611741874
605290308
603468771
603423528
597886604
593328849
588953925
581213554
578139850
568878877
565468039
561619285
559678284
557430832
554944679
549176991
546778341
546301624
544967790
539474345
524144944
522225471
519837162
512471391
511857952
511836506
508611840
504550411
501035289
495845752
489529404
484404326
472435495
468474048
465615399
461691785
455181624
450211980
450183731
447754791
439374296
437342301
424186075
420585170
414839550
412644730
409057902
405570339
391806912
389534030
388010261
383063023
382511522
382080158
378118059
364821714
356458368
354304038
352547700
350429658
350165036
345771169
344869298
344471688
340189244
333587916
327946058
320309829
319210205
318438088
317662466
313911356
300431151
293103992
293094291
291196952
291104368
289091798
279576077
273342752
272717365
269095073
267898931
259349302
258782203
255367354
253357772
251093474
246713793
235562440
231091407
221770701
218024270
217544072
207553123
206174920
203870620
199704616
198847516
195331765
193006904
186925943
176990524
171873677
171739103
171180095
168813630
153999494
143655509
141811892
139160010
137987989
135913752
134712790
130238234
122164266
119182278
118037369
115808277
112643534
111275331
105403935
98241447
90198031
89344104
71928047
67202768
59410116
57603326
52852361
49209581
43752159
41585211
33129548
23184663
12947769
