1870597085
2420043535
1615633957
2199202851
1551685976
1300211328
317662466
3127402391
512471391
409057902
320309829
2293317384
1635646780
2775441114
546301624
2497396585
1588609921
1536147518
916948387
2932008842
4237899270
2860106982
3924370065
350429658
1846237417
2443384331
1805974250
1133197837
544967790
2832651956
1210505765
2954108250
122164266
2538117721
2617100832
2111948962
489529404
2780615920
2442149313
1350698380
3842135827
797153244
352547700
3374663631
2316440901
3761185852
946440509
2880037321
3795564080
1884166774
929888854
3097670926
57603326
3658374302
1754765131
3146406324
3489781299
646816018
1225247800
3422524285
4059677509
983967993
804141279
713728056
193006904
2188333670
3647609023
1566200194
3279368690
1947213384
3381633348
1050996310
829867125
3551910467
2997635664
3510083341
605290308
1667246083
3489264040
3792081647
3683355266
2572574853
798789269
3119955058
1821545825
942521310
2336708441
1100214364
1530126560
756474457
3456213317
1335424534
2692883031
450183731
578139850
3848818219
3868754750
2101563824
1733229736
1086486644
2458666055
2980274563
4205074435
2737229861
1299039298
1906219897
49209581
661017656
1720261719
1616604096
1543856723
2635627209
3845046492
956231486
33129548
1152026117
2199940069
424186075
2009992847
3322557120
910463039
1641722883
2819847169
2786522746
1107340762
198847516
2523648914
3689291977
3877010281
1061808516
105403935
2253105604
2792954558
2312431158
3340980467
1093973327
2246160899
1406119214
3893754914
1561112314
3529114926
3611599325
2481154176
857090239
3135919036
2170829148
2557659083
2485194246
3211707823
2753005989
2652552286
4016108137
389534030
1925856464
568878877
3431002341
3107470958
1230241293
3863082052
43752159
1832762386
4217561640
2588454049
388010261
916187352
3555338275
1252988388
2344096492
2804016243
4180984820
319210205
2428363884
3511039596
3645122379
3593777004
3230570725
2796304530
3115730887
4126223295
1636243459
340189244
1702669555
118037369
2747320410
1829232727
2492594656
1593321870
4057112395
732350945
2373590173
3503777526
3725497683
1783143801
2890898333
3313511205
3230080394
2616575665
3718307374
2497217217
3552517955
850345856
3088443758
3769700117
3299105810
1401578749
1761253613
4005011297
2026758884
3660624287
4177526459
3190377787
1596920800
3399954918
4291341288
2633343066
364821714
327946058
2588705236
3304727621
2407505545
3189650623
3795213493
682468549
3578586614
3015593512
796648200
1526809507
134712790
2773909176
1332176033
1946635796
1510371030
2184801172
90198031
3696210672
3814505413
2723888589
3692536666
253357772
1519443632
2258894995
4180910118
1372290487
1314262263
4102491511
2857597335
3962672338
2389280567
1154285608
3668562630
559678284
2402220076
2108775800
4241418584
2420115705
2780635105
2949154807
1256554459
3761965063
333587916
4139289338
3753693042
1911553823
882509710
3895774350
895651897
3169728301
3560002213
1034803912
3213646938
3950809003
740035723
2022928916
2607679943
1050567273
740524713
350165036
1864712356
153999494
3966944770
2672593528
501035289
2272978774
2822640208
2144897669
143655509
904943807
876840825
1518153428
3786599213
557430832
3318589595
484404326
293103992
439374296
2620180511
603468771
778514070
1627096862
3422700251
1264225709
1003699692
3182266723
4190187180
3542130159
1838827182
657646728
4177332649
1054796732
293094291
3054293479
2388181291
3822213050
2025975387
235562440
2631570443
4265110724
3345191327
3820205681
2106354639
217544072
3131053012
344471688
1075592572
3172867392
728222596
1583414008
765013082
3458468141
4042477664
2047758697
3037298254
3526218275
4234059968
539474345
2961371297
420585170
1040251989
2137182509
1097813323
549176991
450211980
3956601735
3512951166
1914247751
4236604736
2630112357
2743098888
3578460142
2291902633
4079325804
706702729
246713793
2274923903
3389327903
3961048885
4211558253
2764403409
763410682
1549963156
3160916782
2645340823
3959147329
4092496509
2697290960
1790788195
89344104
753201803
4230970392
472435495
2530282509
3543116587
3682980212
2383232486
3658122534
546778341
2192475594
1126449988
1173251653
2986891717
2036627379
3730519651
383063023
2077895500
774782115
273342752
255367354
168813630
3718855806
1756431348
1462349700
1999950057
2847223164
2704826810
3866681996
3711355458
2384530156
4121268944
3889339265
1359598543
1972500779
3553633654
2064369621
4087108653
2397038281
2256449197
3051118148
2301651264
437342301
2598884582
3844817011
1006831010
561619285
4230997219
2366027014
3585027730
2735957875
1605899478
1098186679
667742374
3995794554
2724295864
2424662220
3417097326
674541058
1458983738
773267976
2129353955
2787177669
3670780758
1468560710
2904211967
2643006979
3433345746
3143766160
3989353696
1130971629
1363252641
3116775697
1703854467
975631894
2685857820
1602507849
3740019257
1038433593
2676483265
1546907066
2339672002
195331765
1913366828
2103044552
2065146262
815004099
4184546014
2166634510
2307958439
3883660204
3314627915
3979122076
2202096223
3201641122
830463411
4128966348
3439390914
2156789920
633767608
1497626542
695061486
554944679
2510032264
1261786801
854309787
171180095
2258593668
783233085
3760398374
1090878551
2978443288
628197021
186925943
231091407
3742060372
1924856848
2686404553
524144944
3615272933
2512592215
3378546223
3020037215
936096445
2566944953
2972713016
171873677
934607241
4286356039
3194706545
2204056316
2087618552
1872125494
3039277256
289091798
3643686216
1113957282
2745379420
2162222753
2644670950
1143593266
832948070
1235871705
3541079614
1267454080
3415468231
2431901246
1050535265
841784580
1300929141
2608620442
1178407470
455181624
668817726
1879651160
882631782
1615047436
1006127880
465615399
405570339
1098983843
2737561401
258782203
2200867562
3059365755
3411571936
3671016336
2176687892
2602872040
3050273009
2333363087
4209997194
3439474667
1990372862
3468120066
199704616
4077972024
1539247562
1581593369
218024270
2200480062
3656660824
1123788213
2339394925
3589732456
3808723663
989277744
1251523689
641337769
468474048
2772688470
1168826198
176990524
135913752
2765357966
1585321016
67202768
269095073
2195326687
3391200688
3290077750
2501142714
2236835966
1654556310
3867516749
1412121545
802314167
3604506809
1483314224
1913354592
3555839960
2938872654
3467484513
2600784606
2537948939
3254304230
1661745539
1717440442
754515791
3606269226
3389229504
1058063645
1144536235
2280606019
111275331
137987989
2168988196
3044696338
2186206319
504550411
1428093963
2131800883
3081796470
4164904666
2972447571
1078713208
3263659416
3487874085
3115261347
1814112639
3837037996
3955403603
652356505
3811968692
1886358701
1157679253
4114169407
4005455558
2904767684
139160010
1490982892
3447390025
3719336578
3320175504
2473261798
291104368
2500127512
4195745272
1627921390
23184663
141811892
2139995216
1506465151
1680910962
3326435833
4009716335
1499267696
1911637962
593328849
1567923996
2794086628
698497293
4209623180
860266359
1921429556
4264883000
3181641142
345771169
2704005825
3368968179
3160209890
1432329624
3844366947
2570009839
291196952
3339117107
1568261134
2918987933
1084979708
2273223261
1259387766
2963436313
2070280777
1543710564
318438088
3423584626
2231253080
1718170472
1477721454
3250022018
1570292120
3092450055
3970241453
2135941857
2965602505
1621807110
2010793259
611741874
207553123
2751698892
4206158800
1050417779
2883566301
2518507225
3700168512
414839550
1274602954
3487136613
2413493501
391806912
1511452023
2692253080
1933864854
52852361
251093474
2226980624
3545479604
2170853248
1965719108
3483786132
3098156067
2882121246
895997177
2436751814
3621549308
3278506415
3655919900
761082113
2620879913
3664319532
1723648712
3653476047
2127256756
3688338195
3753275217
902837527
1811767546
2528790932
519837162
2201742382
3514936998
1489932655
259349302
119182278
1183903947
1444761012
2961551646
3978431099
2872078904
1826741932
2165077352
3180673134
800396426
1609307900
2329712006
1596004711
522225471
115808277
1322347780
710784597
112643534
2064476621
3527774915
71928047
3344968173
3532062322
272717365
3396159187
3600989662
2649984918
777675726
641927952
1801301397
3762654232
2911111953
1168893383
4252755588
3673975369
2140155704
3643033252
2791356459
679304387
1644143032
4278647119
203870620
4037558708
3483893077
1215597649
2562554780
3174004882
1203387173
1510492272
344869298
2352343494
300431151
2715767173
3399691845
3971030774
1385642630
4252198886
966296741
3701358838
3254519165
41585211
2621785214
815157331
1722125556
4196215119
3026263989
2876607471
2536171192
2320187244
1429402270
461691785
2604171540
1733599351
4083175630
171739103
1508090823
3566751183
3380621798
2439208341
2669554951
1893632116
1827857046
1045619087
1610709098
2440070442
1570453161
382080158
1430432494
3945557814
3937558774
2959118430
3446660145
4042574596
1315804509
1005047512
2888237628
2314267890
1133929355
1222891233
3236040971
1598718645
3589612848
597886604
4265130827
652795299
2106342911
2047701504
2438166316
267898931
3158616368
3340280719
2789191512
3777740400
1315255812
3161502169
3962072405
4111226506
3363394175
1601873678
2533272857
657445142
495845752
1060742664
1731048956
1906204568
1429742302
1155045860
508611840
1891609303
2666549516
3782416886
354304038
4231511206
1726596466
1664922661
12947769
986768219
2977181909
3906738152
901921793
4149393185
1300842700
683284316
910056967
636652392
3609136162
653157529
886942861
1175002285
378118059
2845137794
4121659122
1976414524
943113125
2112246173
3449071708
130238234
2822374275
59410116
717134103
3733016807
2761645674
674272708
4209849661
3866033412
1362438210
2401957851
3302686810
3024607045
279576077
759344686
671038661
2991012064
1383293679
1742343354
3388468313
1294587030
3741365295
2598586749
3327580466
2568411807
2139260329
3894039528
3954964562
723401450
3529385661
1385688030
313911356
4232214450
4198379252
2165942717
3726188910
2515630414
412644730
1930848134
1476865530
3825127307
1846253696
1294061120
98241447
752605426
1103005008
3672666183
1105301346
2343530061
382511522
1525221414
221770701
1513718331
1582080835
1884767335
2837686642
603423528
3981015947
862565255
511857952
3133911132
2627385820
3384597019
4054800480
867977325
3003466320
2732642785
4047381498
1613559031
2516325298
3463064216
933675090
2335723719
3271019419
581213554
1899211719
1023817025
1882468329
565468039
3907676454
511836506
3773674178
3728917606
2787640860
4288233175
2509934216
1760776870
1686260298
3629346371
1827064729
3510667698
356458368
3425140405
695633428
2430257160
1068953524
2715711169
3107914088
764995498
1047491738
1977810843
2207764863
4207871367
2076172108
1587845204
1987556340
2720327602
588953925
3427122994
1744877444
2309939309
1388716882
2577405955
1745853489
1625516929
719909357
4078562414
2139036077
206174920
3093027835
447754791
4284782145
4138131618
1987622589
2808103623
