1340469085
244480002
2122735528
2420573687
993079783
2432388547
3113864675
806683152
3777029874
2094873204
2687142718
607740379
1101305562
1892299521
1791208945
346515837
1238292506
2321720434
2334106782
3337057521
1978110242
1328046845
174593356
3301129540
1416584116
899435358
626015406
3880016754
3338182331
2152618227
339326524
3454298749
2491785131
2828056754
844493064
922223978
3966130268
3766597819
4224035374
2914153391
2345393667
2869297909
252500754
610794195
1688615632
870616136
1712511329
1222039555
359681168
4078202166
3250400990
3533684223
2953212378
3225746712
3121046272
3407283862
537267806
2165858498
2815662554
609520796
2864137234
463427714
3349487671
3375379832
3141410207
50767177
4262001505
140347483
59380985
933350949
2578109631
2134965083
1418626069
467443801
1825386951
685140467
3705802665
3316522728
213618301
3975389927
2091399612
1497392550
364124961
3894883452
3934770294
925621844
241526259
1523377851
3974094253
3251535353
3934027955
2533697084
1983239252
2712734114
3356440486
1766205376
55523519
4029760463
59261714
505181670
