4262001505
4224035374
4078202166
4029760463
3975389927
3974094253
3966130268
3934770294
3934027955
3894883452
3880016754
3777029874
3766597819
3705802665
3533684223
3454298749
3407283862
3375379832
3356440486
3349487671
3338182331
3337057521
3316522728
3301129540
3251535353
3250400990
3225746712
3141410207
3121046272
3113864675
2953212378
2914153391
2869297909
2864137234
2828056754
2815662554
2712734114
2687142718
2578109631
2533697084
2491785131
2432388547
2420573687
2345393667
2334106782
2321720434
2165858498
2152618227
2134965083
2122735528
2094873204
2091399612
1983239252
1978110242
1892299521
1825386951
1791208945
1766205376
1712511329
1688615632
1523377851
1497392550
1418626069
1416584116
1340469085
1328046845
1238292506
1222039555
1101305562
993079783
933350949
925621844
922223978
899435358
870616136
844493064
806683152
685140467
626015406
610794195
609520796
607740379
537267806
505181670
467443801
463427714
364124961
359681168
346515837
339326524
252500754
244480002
241526259
213618301
174593356
140347483
59380985
59261714
55523519
50767177
