12947769
23184663
33129548
41585211
43752159
49209581
52852361
57603326
59410116
67202768
71928047
89344104
90198031
98241447
105403935
111275331
112643534
115808277
118037369
119182278
122164266
130238234
134712790
135913752
137987989
139160010
141811892
143655509
153999494
168813630
171180095
171739103
171873677
176990524
186925943
193006904
195331765
198847516
199704616
203870620
206174920
207553123
217544072
218024270
221770701
231091407
235562440
246713793
251093474
253357772
255367354
258782203
259349302
267898931
269095073
272717365
273342752
279576077
289091798
291104368
291196952
293094291
293103992
300431151
313911356
317662466
318438088
319210205
320309829
327946058
333587916
340189244
344471688
344869298
345771169
350165036
350429658
352547700
354304038
356458368
364821714
378118059
382080158
382511522
383063023
388010261
389534030
391806912
405570339
409057902
412644730
414839550
420585170
424186075
437342301
439374296
447754791
450183731
450211980
455181624
461691785
465615399
468474048
472435495
484404326
489529404
495845752
501035289
504550411
508611840
511836506
511857952
512471391
519837162
522225471
524144944
539474345
544967790
546301624
546778341
549176991
554944679
557430832
559678284
561619285
565468039
568878877
578139850
581213554
588953925
593328849
597886604
603423528
603468771
605290308
611741874
628197021
633767608
636652392
641337769
641927952
646816018
652356505
652795299
653157529
657445142
657646728
661017656
667742374
668817726
671038661
674272708
674541058
679304387
682468549
683284316
695061486
695633428
698497293
706702729
710784597
713728056
717134103
719909357
723401450
728222596
732350945
740035723
740524713
752605426
753201803
754515791
756474457
759344686
761082113
763410682
764995498
765013082
773267976
774782115
777675726
778514070
783233085
796648200
797153244
798789269
800396426
802314167
804141279
815004099
815157331
829867125
830463411
832948070
841784580
850345856
854309787
857090239
860266359
862565255
867977325
876840825
882509710
882631782
886942861
895651897
895997177
901921793
902837527
904943807
910056967
910463039
916187352
916948387
929888854
933675090
934607241
936096445
942521310
943113125
946440509
956231486
966296741
975631894
983967993
986768219
989277744
1003699692
1005047512
1006127880
1006831010
1023817025
1034803912
1038433593
1040251989
1045619087
1047491738
1050417779
1050535265
1050567273
1050996310
1054796732
1058063645
1060742664
1061808516
1068953524
1075592572
1078713208
1084979708
1086486644
1090878551
1093973327
1097813323
1098186679
1098983843
1100214364
1103005008
1105301346
1107340762
1113957282
1123788213
1126449988
1130971629
1133197837
1133929355
1143593266
1144536235
1152026117
1154285608
1155045860
1157679253
1168826198
1168893383
1173251653
1175002285
1178407470
1183903947
1203387173
1210505765
1215597649
1222891233
1225247800
1230241293
1235871705
1251523689
1252988388
1256554459
1259387766
1261786801
1264225709
1267454080
1274602954
1294061120
1294587030
1299039298
1300211328
1300842700
1300929141
1314262263
1315255812
1315804509
1322347780
1332176033
1335424534
1350698380
1359598543
1362438210
1363252641
1372290487
1383293679
1385642630
1385688030
1388716882
1401578749
1406119214
1412121545
1428093963
1429402270
1429742302
1430432494
1432329624
1444761012
1458983738
1462349700
1468560710
1476865530
1477721454
1483314224
1489932655
1490982892
1497626542
1499267696
1506465151
1508090823
1510371030
1510492272
1511452023
1513718331
1518153428
1519443632
1525221414
1526809507
1530126560
1536147518
1539247562
1543710564
1543856723
1546907066
1549963156
1551685976
1561112314
1566200194
1567923996
1568261134
1570292120
1570453161
1581593369
1582080835
1583414008
1585321016
1587845204
1588609921
1593321870
1596004711
1596920800
1598718645
1601873678
1602507849
1605899478
1609307900
1610709098
1613559031
1615047436
1615633957
1616604096
1621807110
1625516929
1627096862
1627921390
1635646780
1636243459
1641722883
1644143032
1654556310
1661745539
1664922661
1667246083
1680910962
1686260298
1702669555
1703854467
1717440442
1718170472
1720261719
1722125556
1723648712
1726596466
1731048956
1733229736
1733599351
1742343354
1744877444
1745853489
1754765131
1756431348
1760776870
1761253613
1783143801
1790788195
1801301397
1805974250
1811767546
1814112639
1821545825
1826741932
1827064729
1827857046
1829232727
1832762386
1838827182
1846237417
1846253696
1864712356
1870597085
1872125494
1879651160
1882468329
1884166774
1884767335
1886358701
1891609303
1893632116
1899211719
1906204568
1906219897
1911553823
1911637962
1913354592
1913366828
1914247751
1921429556
1924856848
1925856464
1930848134
1933864854
1946635796
1947213384
1965719108
1972500779
1976414524
1977810843
1987556340
1987622589
1990372862
1999950057
2009992847
2010793259
2022928916
2025975387
2026758884
2036627379
2047701504
2047758697
2064369621
2064476621
2065146262
2070280777
2076172108
2077895500
2087618552
2101563824
2103044552
2106342911
2106354639
2108775800
2111948962
2112246173
2127256756
2129353955
2131800883
2135941857
2137182509
2139036077
2139260329
2139995216
2140155704
2144897669
2156789920
2162222753
2165077352
2165942717
2166634510
2168988196
2170829148
2170853248
2176687892
2184801172
2186206319
2188333670
2192475594
2195326687
2199202851
2199940069
2200480062
2200867562
2201742382
2202096223
2204056316
2207764863
2226980624
2231253080
2236835966
2246160899
2253105604
2256449197
2258593668
2258894995
2272978774
2273223261
2274923903
2280606019
2291902633
2293317384
2301651264
2307958439
2309939309
2312431158
2314267890
2316440901
2320187244
2329712006
2333363087
2335723719
2336708441
2339394925
2339672002
2343530061
2344096492
2352343494
2366027014
2373590173
2383232486
2384530156
2388181291
2389280567
2397038281
2401957851
2402220076
2407505545
2413493501
2420043535
2420115705
2424662220
2428363884
2430257160
2431901246
2436751814
2438166316
2439208341
2440070442
2442149313
2443384331
2458666055
2473261798
2481154176
2485194246
2492594656
2497217217
2497396585
2500127512
2501142714
2509934216
2510032264
2512592215
2515630414
2516325298
2518507225
2523648914
2528790932
2530282509
2533272857
2536171192
2537948939
2538117721
2557659083
2562554780
2566944953
2568411807
2570009839
2572574853
2577405955
2588454049
2588705236
2598586749
2598884582
2600784606
2602872040
2604171540
2607679943
2608620442
2616575665
2617100832
2620180511
2620879913
2621785214
2627385820
2630112357
2631570443
2633343066
2635627209
2643006979
2644670950
2645340823
2649984918
2652552286
2666549516
2669554951
2672593528
2676483265
2685857820
2686404553
2692253080
2692883031
2697290960
2704005825
2704826810
2715711169
2715767173
2720327602
2723888589
2724295864
2732642785
2735957875
2737229861
2737561401
2743098888
2745379420
2747320410
2751698892
2753005989
2761645674
2764403409
2765357966
2772688470
2773909176
2775441114
2780615920
2780635105
2786522746
2787177669
2787640860
2789191512
2791356459
2792954558
2794086628
2796304530
2804016243
2808103623
2819847169
2822374275
2822640208
2832651956
2837686642
2845137794
2847223164
2857597335
2860106982
2872078904
2876607471
2880037321
2882121246
2883566301
2888237628
2890898333
2904211967
2904767684
2911111953
2918987933
2932008842
2938872654
2949154807
2954108250
2959118430
2961371297
2961551646
2963436313
2965602505
2972447571
2972713016
2977181909
2978443288
2980274563
2986891717
2991012064
2997635664
3003466320
3015593512
3020037215
3024607045
3026263989
3037298254
3039277256
3044696338
3050273009
3051118148
3054293479
3059365755
3081796470
3088443758
3092450055
3093027835
3097670926
3098156067
3107470958
3107914088
3115261347
3115730887
3116775697
3119955058
3127402391
3131053012
3133911132
3135919036
3143766160
3146406324
3158616368
3160209890
3160916782
3161502169
3169728301
3172867392
3174004882
3180673134
3181641142
3182266723
3189650623
3190377787
3194706545
3201641122
3211707823
3213646938
3230080394
3230570725
3236040971
3250022018
3254304230
3254519165
3263659416
3271019419
3278506415
3279368690
3290077750
3299105810
3302686810
3304727621
3313511205
3314627915
3318589595
3320175504
3322557120
3326435833
3327580466
3339117107
3340280719
3340980467
3344968173
3345191327
3363394175
3368968179
3374663631
3378546223
3380621798
3381633348
3384597019
3388468313
3389229504
3389327903
3391200688
3396159187
3399691845
3399954918
3411571936
3415468231
3417097326
3422524285
3422700251
3423584626
3425140405
3427122994
3431002341
3433345746
3439390914
3439474667
3446660145
3447390025
3449071708
3456213317
3458468141
3463064216
3467484513
3468120066
3483786132
3483893077
3487136613
3487874085
3489264040
3489781299
3503777526
3510083341
3510667698
3511039596
3512951166
3514936998
3526218275
3527774915
3529114926
3529385661
3532062322
3541079614
3542130159
3543116587
3545479604
3551910467
3552517955
3553633654
3555338275
3555839960
3560002213
3566751183
3578460142
3578586614
3585027730
3589612848
3589732456
3593777004
3600989662
3604506809
3606269226
3609136162
3611599325
3615272933
3621549308
3629346371
3643033252
3643686216
3645122379
3647609023
3653476047
3655919900
3656660824
3658122534
3658374302
3660624287
3664319532
3668562630
3670780758
3671016336
3672666183
3673975369
3682980212
3683355266
3688338195
3689291977
3692536666
3696210672
3700168512
3701358838
3711355458
3718307374
3718855806
3719336578
3725497683
3726188910
3728917606
3730519651
3733016807
3740019257
3741365295
3742060372
3753275217
3753693042
3760398374
3761185852
3761965063
3762654232
3769700117
3773674178
3777740400
3782416886
3786599213
3792081647
3795213493
3795564080
3808723663
3811968692
3814505413
3820205681
3822213050
3825127307
3837037996
3842135827
3844366947
3844817011
3845046492
3848818219
3863082052
3866033412
3866681996
3867516749
3868754750
3877010281
3883660204
3889339265
3893754914
3894039528
3895774350
3906738152
3907676454
3924370065
3937558774
3945557814
3950809003
3954964562
3955403603
3956601735
3959147329
3961048885
3962072405
3962672338
3966944770
3970241453
3971030774
3978431099
3979122076
3981015947
3989353696
3995794554
4005011297
4005455558
4009716335
4016108137
4037558708
4042477664
4042574596
4047381498
4054800480
4057112395
4059677509
4077972024
4078562414
4079325804
4083175630
4087108653
4092496509
4102491511
4111226506
4114169407
4121268944
4121659122
4126223295
4128966348
4138131618
4139289338
4149393185
4164904666
4177332649
4177526459
4180910118
4180984820
4184546014
4190187180
4195745272
4196215119
4198379252
4205074435
4206158800
4207871367
4209623180
4209849661
4209997194
4211558253
4217561640
4230970392
4230997219
4231511206
4232214450
4234059968
4236604736
4237899270
4241418584
4252198886
4252755588
4264883000
4265110724
4265130827
4278647119
4284782145
4286356039
4288233175
4291341288
