50767177
55523519
59261714
59380985
140347483
174593356
213618301
241526259
244480002
252500754
339326524
346515837
359681168
364124961
463427714
467443801
505181670
537267806
607740379
609520796
610794195
626015406
685140467
806683152
844493064
870616136
899435358
922223978
925621844
933350949
993079783
1101305562
1222039555
1238292506
1328046845
1340469085
1416584116
1418626069
1497392550
1523377851
1688615632
1712511329
1766205376
1791208945
1825386951
1892299521
1978110242
1983239252
2091399612
2094873204
2122735528
2134965083
2152618227
2165858498
2321720434
2334106782
2345393667
2420573687
2432388547
2491785131
2533697084
2578109631
2687142718
2712734114
2815662554
2828056754
2864137234
2869297909
2914153391
2953212378
3113864675
3121046272
3141410207
3225746712
3250400990
3251535353
3301129540
3316522728
3337057521
3338182331
3349487671
3356440486
3375379832
3407283862
3454298749
3533684223
3705802665
3766597819
3777029874
3880016754
3894883452
3934027955
3934770294
3966130268
3974094253
3975389927
4029760463
4078202166
4224035374
4262001505
